1 2 150
1 3 150
1 4 320
1 5 480
1 7 180
1 8 250
1 9 280
1 10 350
1 11 360
1 13 480
2 3 160
2 4 220
2 6 360
2 7 320
2 8 330 
3 4 220
3 5 350
3 6 250
3 7 170
3 8 190
3 9 200
3 10 240
3 11 250
3 13 350
3 22 370
4 5 150
4 6 230 
4 9 390
4 10 380
4 11 340
4 13 380
4 22 240
5 6 180
5 22 110
6 7 400
6 8 310
6 9 270
6 11 180
6 13 180
6 21 70
6 22 120
7 8 100
7 28 50
8 9 50
9 10 100
9 17 260
9 18 300
9 19 210
9 20 200
9 23 280
9 24 490
10 11 30
10 12 30
10 17 170
10 19 160
10 23 240
10 24 380
11 12 80
11 13 80
12 13 80
12 14 150
12 15 170
12 16 230
12 17 140
12 19 160
12 20 250
13 14 100
13 15 160
13 17 190
13 21 130
14 15 60
14 16 100
14 17 200
14 21 200
15 16 70
15 17 120
17 18 50
17 19 80
17 24 240
18 19 60
18 23 100
18 24 270
18 20 220
19 20 160
19 23 80
20 23 150
21 22 120
23 25 200
23 26 300
23 27 410
25 26 180
26 27 220

